# Configuration parameters of hand "DEFAULT"
#Substitute this file or modify these Values to obtain the model of a "Real Miah Hand"
#
# Last modified: 19-Sep-2022
transmissions:
  j_index_fle:
    N_x_intervals_f: 12
    N_x_intervals_f_inv: 15
    N_x_intervals_df: 18
    x_intervals_f: [-0.85, -0.60, -0.28, -0.09,  0.04,  0.17,  0.58, 0.88, 1.16, 1.49, 1.88, 2.20]
    x_intervals_f_inv: [-1.07, -0.70, -0.38, -0.17, -0.05, -0.01,  0.00, 0.01, 0.05, 0.15, 0.33, 0.80, 1.16, 1.33 ,1.5]
    x_intervals_df: [-1.15, -0.99, -0.50, -0.38, -0.29, -0.19, -0.02, 0.09, 0.34, 0.50, 0.64, 0.82, 1.04, 1.30, 1.78 ,2.0 ,2.11, 2.20]
    f_scale: [-0.782148766201303, -1.03058374167863 , -1.22368755900872 , -1.16847142154607 , -0.911231289024396, -0.601663029243979, -0.197880519756952, -0.520051295462516, -0.719741468813803, -0.839379324439599, -0.942927436665641, -1.08442452979925]
    f_offset: [0.439866538741061, 0.227645536860170, 0.111052936781279, 0.126181750141350, 0.150182742690696, 0.138771586278833, 0.0711398396794130, 0.256841159134046, 0.431658128795775, 0.569988622722396, 0.723948798521761, 0.989586451199345]
    f_inv_scale: [-0.917582779538605, -1.05391335884287, -1.19433447974907, -1.431898346737150, -1.964168793593670, -3.38610487911141, -10.9773764088800, -8.898456050626390, -2.86762990339221, -1.47787267188521, -0.974112549912150, -0.813805489118257, -0.978063597388615, -1.23941256214315, -1.42940996863406]
    f_inv_offset: [0.9188279760227930, 0.773465321854399,  0.675795923603619, 0.586185379576233,  0.496912516702108,  0.424335359750378,  0.351597222222222, 0.342953500623609, 0.283965570504740,  0.217012833101473,  0.141950288885497, 0.0903279294135654, 0.222664061454050,  0.525807921540722,  0.778435404235634]
    df_scale: [-0.502124686464031, -0.617569286637807, -0.786646228209404, -0.443887847250763, 0.0318882991362680, 0.642623008053360, 1.61741355519959, 2.37840936587392 ,  2.42982807851509 ,  1.82554337201208,   1.32452347512971 , 0.923449189994699 , 0.601344310816028, 0.389840076159333, 0.284011196830680,  0.385466139570889,  0.637843666986597,  1.01279322128042]
    df_offset: [-1.29909527663917 , -1.432135538436430, -1.59994184747328 , -1.42755998530929, -1.24514798338551 ,-1.06634278699696, -0.879054630057223,-0.859652872953407, -0.862880586642302, -0.659622532929257, -0.411137153002571,-0.155795702043499, 0.107118528620613, 0.326212634836997, 0.463277504816079,   0.282761648984580, -0.221130296730254, -1.01117012203451]
    f2_offset: 0
    h_i_offset: 580.8284
    h_i_scale:  -8.673
    h_i_inv_offset:  66.9697
    h_i_inv_scale:   -0.1153
    h2_i_offset: 0
    h2_i_scale: 0.00078125
    h2_i_inv_offset:  0
    h2_i_inv_scale: 1280.000
  j_mrl_fle:
    h_mrl_offset:  0
    h_mrl_scale:   7.0074
    h_mrl_inv_offset:   0.0
    h_mrl_inv_scale:   0.14271
    h2_mrl_offset: 0
    h2_mrl_scale: 0.00078125
    h2_mrl_inv_offset:  0
    h2_mrl_inv_scale: 1280.000
  j_thumb_fle:
    h_tf_offset:  0
    h_tf_scale:  11.3895
    h_tf_inv_offset:   0
    h_tf_inv_scale:   0.0878
    h2_tf_offset: 0
    h2_tf_scale: 0.00039062
    h2_tf_inv_offset:    0
    h2_tf_inv_scale: 2560.000
  j_thumb_opp:
    th_opp_start_close_index_angle:  -0.6536
    th_opp_stop_close_index_angle:   0.0731
